255
216
255
224
0
16
74
70
73
70
0
1
1
1
0
96
0
96
0
0
255
219
0
67
0
6
4
4
5
4
4
6
5
5
5
6
6
6
7
9
14
9
9
8
8
9
18
13
13
10
14
21
18
22
22
21
18
20
20
23
26
33
28
23
24
31
25
20
20
29
39
29
31
34
35
37
37
37
22
28
41
44
40
36
43
33
36
37
36
255
219
0
67
1
6
6
6
9
8
9
17
9
9
17
36
24
20
24
36
36
36
36
36
36
36
36
36
36
36
36
36
36
36
36
36
36
36
36
36
36
36
36
36
36
36
36
36
36
36
36
36
36
36
36
36
36
36
36
36
36
36
36
36
36
36
36
36
36
255
194
0
17
8
1
44
1
44
3
1
34
0
2
17
1
3
17
1
255
196
0
27
0
1
0
2
3
1
1
0
0
0
0
0
0
0
0
0
0
0
1
2
3
5
6
4
7
255
196
0
25
1
1
1
1
1
1
1
0
0
0
0
0
0
0
0
0
0
0
1
2
4
3
5
255
218
0
12
3
1
0
2
16
3
16
0
0
1
250
160
0
0
215
225
198
182
206
127
46
110
237
173
245
234
103
27
200
0
0
0
0
0
32
144
0
0
0
0
213
108
249
223
15
77
62
191
113
173
227
234
201
174
244
107
38
182
123
222
23
233
254
222
123
145
221
198
0
0
0
0
170
89
65
51
89
38
107
36
144
178
0
0
3
199
204
111
121
30
14
156
93
47
45
244
159
71
63
193
125
135
149
212
230
62
137
243
159
169
228
29
124
224
0
0
2
136
136
173
151
64
148
11
77
109
45
160
36
40
0
1
207
115
189
78
131
231
117
236
122
141
46
235
187
157
229
245
53
143
150
253
51
148
232
57
189
246
35
171
192
0
0
82
166
72
138
68
77
147
53
146
68
182
154
140
136
180
160
160
0
7
131
75
212
177
172
121
13
100
43
149
205
229
214
112
117
125
4
119
242
128
2
151
243
37
148
107
55
172
66
38
150
73
189
44
212
205
100
148
37
190
76
89
101
5
0
0
0
1
75
163
139
213
111
249
223
157
217
218
110
62
95
244
254
207
9
30
222
64
83
203
90
235
203
53
102
9
69
138
100
165
196
210
86
211
89
45
49
42
205
134
242
220
77
0
0
0
0
6
62
31
188
241
120
250
124
155
234
60
215
159
195
223
232
72
158
222
71
159
38
167
94
119
244
225
203
172
89
19
42
212
153
102
107
36
192
90
82
177
104
45
166
98
92
162
104
0
0
0
0
0
197
198
119
30
31
15
78
99
170
225
52
94
62
255
0
88
241
68
125
31
153
154
245
149
189
241
218
91
86
101
96
68
205
100
155
214
203
9
45
211
18
229
19
64
0
0
0
0
5
124
182
155
141
15
207
126
153
204
252
238
237
182
231
231
159
65
238
228
201
49
62
222
9
139
69
131
80
180
19
49
50
205
171
98
9
47
106
94
106
226
104
0
0
0
5
98
182
89
75
167
158
102
183
56
185
174
163
30
53
194
108
125
124
239
7
127
208
45
161
222
125
31
157
50
157
102
111
89
80
136
181
100
180
196
45
166
153
22
215
199
146
91
9
160
0
0
5
38
168
130
196
214
10
210
213
185
172
197
211
7
29
219
224
241
245
249
167
77
93
39
39
95
209
109
207
244
31
67
130
202
172
186
36
137
137
45
76
149
90
101
199
148
182
83
59
5
0
0
21
165
89
153
164
106
94
16
33
4
214
213
74
204
18
98
96
195
196
247
120
188
125
126
105
221
106
60
156
125
125
197
180
59
239
161
195
48
174
243
107
86
210
218
38
87
14
92
57
25
245
34
115
234
0
0
49
34
231
29
173
75
34
107
100
154
222
171
89
153
74
197
224
199
23
170
0
5
52
93
12
121
239
136
216
238
121
30
78
174
234
223
61
238
58
249
253
87
165
189
60
236
66
212
148
244
90
39
59
5
0
10
225
244
121
174
102
17
98
98
82
66
197
128
10
214
213
72
73
34
69
130
18
216
178
202
233
180
61
191
159
159
219
65
209
115
252
182
61
62
160
208
239
186
121
241
222
185
117
156
150
137
206
193
64
1
131
61
83
207
17
109
96
144
181
37
108
137
17
48
86
47
84
136
145
19
34
9
23
137
88
137
14
87
168
197
155
243
46
210
57
14
94
191
166
250
60
27
14
174
75
6
128
0
0
43
76
164
197
143
210
79
51
45
108
170
182
169
152
169
122
36
199
57
40
145
48
21
184
78
44
133
138
172
90
214
26
221
163
26
225
123
222
83
121
229
235
239
30
222
96
0
0
0
0
3
30
66
97
189
192
40
17
91
213
60
243
146
117
156
49
158
74
228
150
116
199
144
99
155
73
78
95
171
213
249
239
104
211
238
55
2
192
0
0
0
0
0
0
0
128
149
90
0
38
98
84
0
0
228
186
125
111
59
225
235
221
15
127
32
0
0
0
0
0
0
0
86
194
21
36
197
192
40
0
0
0
0
127
255
196
0
43
16
0
1
3
2
5
4
2
2
2
3
0
0
0
0
0
0
1
2
3
4
0
17
5
16
18
48
64
19
32
33
49
20
35
65
80
21
34
36
50
52
255
218
0
8
1
1
0
1
5
2
253
99
243
90
143
67
20
140
105
88
203
1
95
201
162
145
53
11
166
158
67
223
160
152
242
209
83
82
94
90
98
45
52
152
197
170
249
37
79
37
37
41
195
94
43
147
206
38
193
247
133
58
249
167
29
89
161
49
209
83
126
218
84
165
222
4
15
138
55
111
90
170
251
239
46
198
109
138
36
142
132
136
88
106
84
220
236
37
181
48
173
69
12
6
92
106
27
42
97
157
203
240
158
32
186
169
37
82
46
228
249
13
36
161
186
196
226
84
29
31
35
113
92
57
141
173
78
45
180
178
222
3
31
166
206
82
90
14
178
150
116
203
97
90
153
217
42
181
106
60
73
215
77
75
181
240
143
248
179
114
48
97
120
122
181
195
216
42
227
76
97
82
25
107
3
26
155
109
45
35
57
74
255
0
51
8
148
146
142
245
29
209
192
122
203
151
15
235
145
222
78
87
219
30
247
151
254
169
26
102
145
244
97
142
235
103
181
102
192
30
255
0
92
105
177
22
202
214
149
116
112
220
69
81
40
121
29
143
185
253
147
186
105
59
238
39
90
37
182
177
93
46
157
97
210
3
236
102
243
154
18
132
236
145
113
218
159
123
239
69
67
181
50
22
147
135
202
48
159
4
17
74
245
228
145
186
50
252
240
28
108
56
37
194
210
96
226
69
146
212
150
158
167
85
253
83
152
219
25
126
120
50
211
118
221
99
166
181
201
61
69
172
174
128
243
157
242
182
192
200
121
60
5
43
72
62
106
115
90
152
84
53
161
56
92
143
147
19
118
244
50
71
174
2
188
170
159
74
170
92
84
60
220
21
57
25
196
40
45
59
163
36
250
221
189
106
171
208
200
211
236
190
212
185
11
105
47
195
153
165
123
233
245
185
126
242
157
85
54
26
30
161
21
113
204
25
161
125
131
188
208
57
167
130
123
22
141
99
21
105
212
165
135
75
181
15
19
251
51
191
113
20
50
64
220
59
110
32
44
57
19
164
167
152
43
172
50
81
113
27
6
133
36
95
112
154
190
226
209
168
98
77
60
149
177
45
122
226
77
234
236
26
30
199
131
180
87
228
155
239
56
210
92
18
160
132
175
77
170
44
244
154
29
255
0
159
116
54
74
175
86
224
41
33
97
232
186
41
230
69
66
149
208
9
33
67
183
213
10
30
187
215
196
92
84
17
35
8
82
23
21
233
184
122
163
201
68
148
118
141
149
11
139
223
136
182
210
224
118
29
41
61
2
206
46
1
66
210
226
114
52
157
175
71
138
227
41
114
164
194
210
25
196
139
46
67
197
90
146
188
147
180
231
190
62
33
131
55
34
190
11
136
78
25
49
78
183
67
105
66
233
191
24
229
136
97
105
152
26
68
152
107
138
248
146
200
219
41
10
174
146
104
182
45
231
96
209
161
87
204
155
85
252
118
1
148
216
159
33
188
41
229
70
151
190
80
13
116
232
221
57
251
162
8
174
157
116
235
73
162
155
103
106
245
159
147
93
62
204
86
39
136
50
126
84
126
9
108
86
131
65
54
238
41
6
180
219
43
86
147
90
115
182
106
64
82
89
190
29
55
146
114
181
91
103
16
141
242
24
195
101
117
153
253
44
203
192
146
203
201
125
28
99
189
137
178
227
172
96
43
127
228
241
253
126
160
121
224
255
0
255
196
0
36
17
0
2
2
1
4
2
2
3
1
0
0
0
0
0
0
0
1
2
0
17
3
32
33
48
64
16
18
34
65
19
49
50
81
255
218
0
8
1
3
1
1
63
1
243
234
103
227
104
84
143
223
67
24
222
1
22
101
32
14
130
13
166
86
161
66
97
201
244
102
99
245
208
198
108
76
159
209
241
151
113
122
111
140
57
31
175
37
109
116
29
99
129
77
139
153
83
212
249
39
127
35
64
224
71
245
143
243
27
120
118
168
58
24
218
140
108
65
183
140
108
244
110
99
112
68
207
139
212
216
233
35
250
153
240
116
142
165
77
30
150
44
190
166
48
92
130
50
149
52
116
141
87
175
22
79
67
28
46
65
25
10
154
58
6
147
194
142
86
41
92
130
140
124
69
120
15
26
229
255
0
103
226
15
186
198
82
54
48
105
60
138
229
77
137
99
42
202
173
85
42
86
138
211
80
26
143
191
200
113
86
138
149
161
79
212
34
186
116
25
111
173
255
196
0
35
17
0
2
2
2
2
2
2
3
1
0
0
0
0
0
0
0
1
2
0
3
17
64
18
33
16
48
49
65
32
34
50
19
255
218
0
8
1
2
1
1
63
1
243
254
139
13
203
22
197
111
141
11
159
3
30
8
250
148
161
200
208
176
229
140
161
51
217
151
86
62
68
161
123
206
133
157
49
149
255
0
34
25
79
244
70
129
173
73
207
144
216
124
233
176
193
196
165
178
190
64
247
219
95
40
135
139
119
224
8
116
46
76
140
202
238
35
168
7
90
56
140
165
12
170
206
67
74
196
230
38
74
180
71
230
50
52
173
171
151
98
43
20
49
88
48
200
210
182
174
93
136
174
213
180
71
12
50
52
172
168
60
226
213
156
196
176
55
160
122
222
143
181
130
210
189
52
86
13
216
210
100
13
243
63
106
140
206
127
60
204
250
152
100
98
87
215
234
125
249
252
28
125
136
14
70
116
198
85
177
173
255
196
0
55
16
0
1
3
1
4
6
7
8
2
3
1
0
0
0
0
0
1
0
2
17
3
18
33
49
65
19
34
48
64
80
81
16
50
66
97
113
145
177
4
32
35
51
82
98
129
161
193
209
96
114
130
225
255
218
0
8
1
1
0
6
63
2
225
154
199
246
175
125
159
16
160
94
222
114
175
105
30
32
171
175
90
185
101
192
0
108
38
190
196
144
32
95
114
179
173
127
146
181
243
29
151
32
157
74
161
33
202
213
173
108
71
114
111
123
76
239
242
173
188
128
15
153
66
196
9
205
106
184
202
131
79
247
138
21
90
8
118
97
50
200
6
70
106
211
221
106
161
23
239
225
170
151
213
55
32
5
193
216
166
212
246
134
135
59
16
57
39
26
13
178
241
128
230
129
136
112
201
15
134
35
151
37
101
206
159
227
127
116
224
19
234
145
169
78
240
141
54
52
146
71
146
107
73
146
4
79
65
209
128
221
39
88
170
148
114
197
190
35
107
27
153
214
213
90
46
180
235
94
170
84
55
151
186
39
165
205
90
76
46
38
57
38
59
155
70
254
79
101
194
17
191
170
155
220
79
175
184
111
146
247
126
149
51
248
216
221
187
22
176
195
149
170
245
156
233
236
183
4
24
193
13
30
228
125
171
65
218
23
142
253
132
111
173
25
181
168
59
43
96
112
67
10
177
251
73
85
93
247
143
69
19
49
135
4
210
211
234
68
30
229
89
217
2
21
44
216
227
101
222
240
104
223
156
222
97
67
115
197
70
65
210
191
214
239
114
236
84
157
142
49
187
78
14
70
91
3
213
10
110
234
102
164
116
201
224
48
85
145
142
37
22
84
189
190
139
81
224
247
35
192
238
137
79
168
114
193
3
77
208
121
240
57
87
244
84
115
240
13
41
147
215
110
171
184
33
45
39
193
24
47
108
98
214
255
0
75
73
68
138
141
237
55
2
131
134
7
130
2
216
52
93
230
17
109
70
22
188
118
218
172
226
211
159
4
130
175
185
195
2
137
56
100
86
141
247
28
184
40
168
194
69
156
64
80
110
120
188
66
20
107
27
207
85
223
198
214
119
131
20
99
189
169
210
194
47
90
58
166
94
48
60
248
45
170
110
34
59
42
30
64
142
106
203
238
119
62
123
41
217
198
222
10
4
176
57
190
159
149
34
125
10
12
168
241
63
86
231
13
243
220
96
224
164
205
158
124
151
197
111
253
53
88
115
203
153
148
226
20
131
35
112
3
116
49
228
173
123
59
172
253
165
70
136
185
153
179
250
86
155
35
237
56
142
9
14
18
181
68
133
105
174
169
63
149
102
171
93
227
101
90
97
145
182
35
118
228
121
132
92
101
224
41
18
207
204
173
19
181
42
126
157
181
7
120
183
75
81
254
168
135
226
211
113
110
75
69
89
211
80
103
207
130
219
102
173
94
124
214
184
115
75
80
168
63
59
75
194
255
0
213
114
192
238
215
117
150
129
216
63
215
113
184
149
127
76
5
205
95
183
211
179
30
228
215
246
176
119
142
229
201
117
183
43
39
2
172
59
229
212
224
199
234
10
195
254
101
59
143
6
30
208
193
118
99
185
7
176
220
120
47
195
22
187
147
233
61
174
104
107
111
159
241
31
255
196
0
42
16
1
0
2
1
3
3
4
1
4
3
1
0
0
0
0
0
1
0
17
33
16
49
65
48
81
97
32
64
113
129
161
145
177
209
225
80
193
240
241
255
218
0
8
1
1
0
1
63
33
255
0
24
96
144
109
104
33
217
62
81
49
183
243
17
8
104
71
22
102
135
63
164
17
182
119
45
207
101
125
102
235
140
42
243
226
6
45
0
143
183
120
78
68
250
15
139
226
110
163
187
42
9
165
154
240
202
161
211
34
240
98
110
222
199
22
225
213
54
92
64
188
102
178
254
8
49
16
249
150
91
10
52
60
146
176
167
54
211
233
54
148
159
41
220
135
167
9
194
242
204
77
170
65
131
227
171
117
21
14
226
93
219
75
244
27
244
123
124
221
202
5
92
183
243
60
175
24
187
143
64
97
108
56
133
132
118
27
120
84
175
218
239
232
199
204
37
164
110
228
130
153
200
63
103
81
104
184
197
203
245
157
20
39
67
95
140
204
81
2
222
115
253
75
60
114
118
46
45
101
39
237
119
53
190
131
104
77
142
227
40
118
15
63
201
255
0
120
131
103
81
109
12
184
122
206
137
230
1
63
70
92
162
239
109
155
227
231
21
188
176
91
161
186
31
221
234
205
23
22
83
81
206
151
60
10
171
63
172
242
80
252
116
143
201
241
45
236
76
242
219
46
16
125
36
33
209
59
190
83
194
127
236
59
82
156
255
0
223
81
217
114
63
203
86
9
229
205
214
195
137
227
3
240
107
162
203
91
57
128
27
105
113
134
151
232
184
61
35
11
196
187
125
196
173
228
112
127
104
120
246
129
232
182
206
228
252
203
47
31
72
122
28
15
185
120
196
187
210
226
220
32
203
196
25
114
244
223
215
112
74
129
182
44
99
123
58
11
113
204
184
104
93
79
79
17
152
117
237
223
84
107
27
63
212
136
166
204
17
195
194
91
195
235
27
89
196
204
184
230
24
117
19
204
188
206
33
28
123
11
235
105
23
99
59
250
149
21
24
165
30
209
0
155
62
148
220
222
101
130
221
226
227
67
58
86
97
137
87
13
13
13
29
189
186
254
84
9
225
53
23
102
91
39
9
241
8
131
111
160
243
206
211
115
34
230
224
70
25
134
151
174
10
222
68
173
8
104
170
158
193
156
124
157
226
98
6
213
207
196
98
185
31
56
105
4
114
38
141
26
49
109
139
243
28
189
106
26
239
167
26
46
130
113
246
52
119
225
236
203
172
199
39
251
251
141
58
14
14
98
146
255
0
203
63
164
82
190
209
142
52
52
17
142
183
160
232
232
188
203
1
15
98
173
91
113
153
225
131
238
203
132
178
242
170
123
196
3
143
222
49
27
232
26
55
208
232
105
80
137
172
125
62
196
150
2
87
148
218
120
203
48
169
88
247
132
135
98
119
49
204
8
64
151
8
75
149
161
54
211
105
179
87
39
119
216
171
71
99
109
5
246
166
73
206
80
85
255
0
111
169
192
123
227
60
140
70
112
92
184
78
97
165
104
78
116
55
246
109
36
172
219
112
103
49
96
207
136
115
99
45
221
237
54
37
226
101
37
101
251
103
16
167
48
149
157
15
65
161
25
80
195
214
174
48
194
59
68
168
198
16
224
155
37
216
61
162
21
99
99
16
145
169
229
187
6
225
150
84
30
146
19
231
44
119
210
224
163
166
197
191
69
197
113
156
232
84
115
196
191
93
110
126
96
149
110
76
46
19
76
194
157
251
160
194
109
31
66
160
75
249
134
152
184
152
45
212
90
222
151
24
195
198
140
86
53
112
216
73
228
254
96
22
108
136
116
161
242
31
62
97
28
202
175
65
162
143
49
26
222
7
110
165
19
54
94
175
161
196
223
70
21
124
240
192
41
133
59
47
227
188
53
145
177
20
220
34
23
106
214
73
165
122
9
100
237
13
66
253
231
76
74
38
192
155
65
142
139
46
94
53
191
67
49
184
164
23
118
149
227
249
78
208
71
53
131
228
129
112
224
157
254
116
46
132
168
68
185
97
59
38
65
209
171
100
99
54
155
250
25
82
180
125
79
206
209
30
214
3
183
127
47
230
113
196
118
122
191
175
253
132
60
246
31
242
65
38
66
196
230
48
196
227
71
48
133
75
243
209
175
224
119
155
75
139
43
87
90
149
25
82
171
78
101
74
155
226
27
29
249
109
26
121
38
136
172
238
245
159
43
136
22
209
50
53
3
211
184
253
161
208
216
55
226
20
15
164
99
161
163
29
54
116
175
65
43
199
228
74
7
35
193
138
131
75
91
96
194
24
103
138
47
204
60
22
228
212
212
201
135
70
191
84
244
154
87
161
232
4
168
19
116
191
176
143
83
203
51
95
180
174
47
178
96
251
159
9
113
252
14
149
144
102
232
116
69
119
56
212
214
253
46
183
6
115
57
129
152
111
43
86
147
50
246
190
83
136
94
102
226
91
6
129
181
237
255
0
48
181
184
43
165
124
67
139
135
145
214
181
61
9
165
233
85
167
48
222
84
117
217
137
150
51
164
246
217
241
98
59
194
197
205
125
199
212
183
3
179
212
109
3
60
47
234
157
130
204
55
253
232
38
183
13
81
48
204
90
9
206
131
59
75
210
163
189
105
132
38
106
19
15
120
136
235
30
223
72
117
223
180
207
114
108
194
249
139
99
94
120
134
116
91
16
74
136
55
219
250
155
55
185
83
245
17
217
108
52
163
41
195
136
57
151
50
80
76
27
24
109
170
208
104
182
188
24
31
8
59
123
34
118
191
132
255
0
129
8
209
43
209
83
120
34
150
25
188
96
71
120
27
184
26
170
83
17
141
133
36
73
108
245
124
15
15
186
88
244
21
76
61
21
168
209
48
217
26
239
243
39
15
185
75
149
175
48
232
29
227
126
101
44
169
248
61
190
25
244
215
69
184
104
27
230
252
76
149
50
138
182
241
247
238
63
13
115
218
103
180
15
240
59
196
169
220
246
63
255
218
0
12
3
1
0
2
0
3
0
0
0
16
243
207
48
223
15
60
243
207
60
243
207
52
243
207
60
242
162
240
147
207
60
243
207
49
238
168
244
243
207
60
86
31
194
243
207
60
242
208
150
251
167
252
243
207
7
242
145
252
243
207
51
58
141
114
87
191
60
243
203
94
224
239
60
242
234
27
174
97
126
123
207
60
243
207
62
89
111
60
62
183
243
58
57
93
243
207
60
243
207
62
171
10
104
5
226
239
142
142
188
243
207
60
243
207
42
18
225
45
85
43
251
202
79
60
243
207
60
243
196
180
57
80
208
81
224
219
183
207
60
243
206
52
228
185
32
241
105
103
156
255
0
5
243
207
60
240
110
142
105
164
254
118
99
227
220
191
124
243
207
59
23
31
50
10
38
114
167
219
136
175
207
60
242
25
11
210
243
198
121
97
91
244
225
2
215
207
60
39
202
212
151
147
219
139
182
69
217
52
125
243
207
42
249
59
57
87
125
162
10
140
20
102
255
0
60
243
207
47
61
186
13
0
105
142
219
197
23
143
207
60
243
207
60
242
223
156
243
114
64
95
187
143
211
207
60
243
207
60
243
207
60
29
98
188
243
207
33
243
207
60
243
207
60
243
207
60
185
247
60
243
207
60
243
255
196
0
33
17
1
0
2
2
2
2
3
1
1
0
0
0
0
0
0
0
1
0
17
16
33
32
49
48
65
81
97
113
64
129
255
218
0
8
1
3
1
1
63
16
206
187
168
39
169
215
63
130
219
61
68
168
27
182
48
31
124
214
89
224
126
177
201
55
22
254
104
218
228
88
185
57
32
69
127
180
26
108
140
1
197
248
114
56
133
74
45
237
198
133
224
168
151
46
12
32
248
157
195
226
55
210
230
250
17
114
25
112
139
126
11
155
157
255
0
76
80
162
106
96
199
112
241
189
94
165
176
214
80
103
121
39
191
19
103
9
15
88
224
197
66
16
135
124
238
11
29
70
250
152
148
47
10
8
112
55
14
249
46
88
17
10
250
149
8
162
22
229
53
7
168
20
113
71
169
114
229
199
12
125
157
64
45
98
2
194
86
162
226
189
74
168
70
84
169
89
233
58
150
130
125
201
12
158
13
97
149
145
77
145
205
66
14
152
141
16
110
28
5
156
147
154
143
109
184
52
143
36
61
196
250
150
151
58
155
122
150
39
236
175
136
50
224
175
113
157
146
164
255
0
111
10
15
112
6
92
161
81
37
66
54
233
136
169
242
214
14
14
199
179
203
114
188
31
255
196
0
31
17
1
0
2
2
3
1
1
1
1
0
0
0
0
0
0
0
1
0
17
16
32
33
48
49
65
64
81
113
255
218
0
8
1
2
1
1
63
16
207
37
92
15
216
133
47
193
192
125
101
175
4
183
148
74
127
55
169
93
23
41
226
96
10
161
11
117
116
138
135
12
21
1
98
49
162
53
9
90
186
216
7
48
43
131
28
115
238
129
114
178
229
221
44
168
202
138
156
7
211
52
23
187
209
70
207
103
29
133
252
191
133
110
61
32
66
44
148
96
247
248
149
214
29
79
166
206
29
234
86
14
143
176
182
250
66
29
199
99
38
40
125
37
252
217
2
197
212
37
109
95
233
56
17
254
154
136
77
67
75
212
14
125
141
122
25
94
63
136
130
83
1
108
166
63
235
0
131
29
6
158
192
42
43
147
228
160
179
107
132
83
60
75
50
226
224
220
137
111
203
170
220
146
240
88
75
142
215
177
14
135
227
107
175
15
117
244
127
255
196
0
42
16
1
0
2
2
2
1
3
4
2
3
1
1
1
0
0
0
1
0
17
33
49
65
81
97
48
113
129
16
64
145
161
177
193
32
209
240
225
80
241
255
218
0
8
1
1
0
1
63
16
251
235
205
122
170
25
98
131
141
0
175
133
220
187
47
87
132
125
154
167
243
52
16
81
89
125
43
115
129
38
144
9
241
81
241
147
106
213
247
3
28
222
234
37
116
89
215
157
125
147
108
26
135
170
193
218
90
225
125
51
147
254
225
171
8
181
22
156
156
177
86
26
151
170
74
162
189
168
96
123
219
25
160
185
180
158
249
183
227
227
147
18
35
45
185
201
79
159
36
72
48
44
104
80
87
151
54
106
160
248
202
14
140
53
249
251
27
72
104
223
153
167
208
113
153
112
111
209
212
192
184
157
64
212
48
116
29
123
184
32
87
252
2
223
86
248
137
216
88
109
208
201
90
27
154
44
114
24
13
96
214
255
0
85
213
179
38
218
25
44
217
205
115
205
103
80
202
143
181
28
13
117
145
38
34
50
140
123
79
246
241
163
62
170
5
176
67
71
180
76
92
29
153
138
80
209
219
135
241
6
142
161
202
92
24
106
6
205
250
38
169
98
188
74
255
0
246
84
106
229
118
230
255
0
227
216
141
96
119
233
74
105
195
132
179
52
239
4
217
110
136
227
168
105
121
215
53
196
205
221
54
215
183
110
75
49
220
189
144
221
118
94
54
238
168
165
243
230
160
253
194
9
203
97
242
251
106
40
150
250
38
140
124
30
161
178
209
25
195
136
209
153
103
169
127
76
247
5
170
134
97
169
179
232
175
155
90
99
25
124
179
95
50
129
28
14
87
201
225
196
249
238
162
157
132
85
123
2
109
243
170
137
161
203
217
1
249
111
232
166
155
102
40
103
230
248
243
108
55
8
80
48
64
7
155
42
228
133
52
151
234
88
209
119
152
128
204
203
49
98
165
212
92
197
151
136
66
115
124
250
12
60
12
138
245
69
158
251
252
17
242
98
182
192
225
123
139
152
44
162
3
115
159
148
111
187
240
62
172
237
80
34
179
164
201
122
249
141
182
69
201
94
14
21
24
115
130
243
112
12
111
246
35
210
179
50
28
101
10
104
31
91
96
133
83
69
199
105
202
5
212
115
153
100
204
29
69
190
39
73
114
207
62
137
41
99
41
204
192
38
115
251
7
112
76
88
52
239
24
246
10
124
65
167
4
213
203
119
247
245
200
99
245
191
42
95
179
247
21
230
166
82
219
249
3
244
30
142
132
6
151
126
210
216
160
69
167
31
66
234
44
67
25
230
112
243
7
54
226
46
32
204
28
75
160
87
163
78
30
243
86
82
96
225
246
138
169
98
247
167
43
187
124
65
250
181
198
231
231
223
234
234
37
214
16
126
110
255
0
31
137
116
238
40
235
49
15
38
113
215
160
226
5
223
233
17
76
107
94
208
66
190
141
61
165
200
138
198
229
81
121
76
25
220
211
16
194
38
55
243
50
218
13
250
206
197
224
184
198
84
39
203
131
247
127
49
198
164
106
232
68
254
224
222
191
201
104
184
234
5
156
251
18
166
80
153
42
238
45
184
226
107
77
67
120
110
56
24
172
204
53
54
212
211
82
177
212
220
94
163
102
58
245
239
43
93
213
123
70
99
48
181
205
180
248
191
223
136
5
5
43
241
102
191
36
108
91
208
234
199
198
63
200
221
121
196
23
237
215
180
115
114
45
13
143
188
21
144
131
196
120
60
234
20
149
16
85
204
97
237
22
157
188
69
61
61
229
240
153
62
209
33
76
165
48
68
177
179
214
75
18
89
16
192
2
203
71
177
107
59
238
22
202
56
190
208
221
126
63
17
24
161
200
37
202
78
146
223
217
20
33
11
19
147
252
110
0
25
240
120
136
25
6
34
22
229
38
121
101
148
182
170
120
33
35
145
117
18
24
151
184
133
243
51
88
149
238
12
52
103
184
138
79
174
39
106
179
62
72
202
97
65
247
150
129
60
103
243
44
25
29
127
56
87
236
33
161
88
222
202
179
251
62
63
195
13
150
19
215
152
249
55
178
110
85
140
83
22
55
22
69
213
17
211
119
44
102
14
165
220
104
136
133
15
184
76
13
174
41
136
26
220
9
152
142
229
40
204
139
105
246
24
144
6
9
103
184
230
15
82
48
67
118
3
242
174
237
241
156
196
130
13
9
29
248
203
243
1
187
136
88
146
250
139
170
193
175
120
113
77
111
41
132
131
63
220
177
197
92
13
249
141
56
152
29
64
183
112
122
56
136
154
204
10
241
14
204
50
12
76
213
69
118
79
108
49
70
225
246
21
218
166
106
205
73
103
229
132
21
32
222
75
217
214
70
15
13
107
22
12
102
32
40
20
239
54
215
152
61
184
93
41
95
118
101
133
170
219
222
80
108
243
40
20
212
88
167
115
60
247
48
121
153
69
156
243
6
184
133
166
234
20
193
185
66
121
158
72
53
22
82
94
0
202
12
172
111
16
80
125
137
50
48
111
84
60
249
173
215
241
184
129
14
37
96
109
251
128
254
111
136
194
36
82
192
188
186
174
125
231
0
197
175
110
229
203
153
88
227
36
10
212
99
48
167
188
114
161
98
106
214
82
188
78
58
32
6
235
51
192
251
192
214
62
140
88
134
141
195
204
13
56
23
243
246
40
142
52
118
203
24
81
29
2
42
28
252
47
198
254
34
78
12
226
105
70
126
127
112
250
229
198
72
161
123
148
251
220
3
136
183
136
139
101
30
24
171
171
212
186
231
136
179
168
218
243
40
45
176
195
131
16
94
32
3
87
13
215
124
75
209
234
91
163
244
221
23
87
80
23
166
199
247
246
55
125
116
56
212
180
41
212
108
209
118
133
63
27
252
36
121
224
219
89
157
180
107
24
123
13
197
161
133
103
248
201
56
69
207
204
88
8
7
9
225
141
8
212
230
34
90
226
199
24
131
128
99
203
137
80
89
170
130
97
226
11
121
98
222
227
196
192
58
153
115
52
71
98
184
83
94
125
85
13
206
194
10
163
101
115
29
109
245
16
70
77
220
36
167
79
61
76
242
133
110
249
32
132
231
73
30
252
151
73
141
126
213
146
27
128
97
215
197
34
110
93
65
224
165
43
180
255
0
95
136
0
193
233
53
42
216
96
168
246
44
50
93
209
21
209
40
175
48
59
141
92
201
184
109
155
84
2
225
168
53
171
31
120
84
179
16
110
127
43
252
250
136
35
42
77
97
46
146
13
42
18
141
231
222
100
68
32
56
63
38
152
136
145
166
207
130
114
127
236
216
79
96
23
145
120
199
120
176
129
84
103
24
116
255
0
179
12
127
6
6
254
8
211
1
113
47
175
17
105
212
203
41
136
142
25
177
152
6
187
152
11
132
172
209
8
53
186
128
28
254
162
101
197
183
93
122
106
139
155
25
156
71
35
49
42
153
37
207
104
218
220
187
174
249
149
205
102
94
24
27
67
149
220
3
13
85
13
133
103
222
86
174
25
211
179
225
253
60
202
49
67
0
58
251
157
62
227
146
107
62
96
82
249
88
32
189
64
126
96
94
73
183
49
8
105
154
169
200
25
155
234
204
86
10
171
230
83
71
24
138
236
188
120
245
52
12
112
21
23
112
202
107
44
111
146
43
205
67
124
98
4
108
9
28
132
25
131
21
133
10
95
195
226
88
14
240
156
124
138
248
37
84
4
165
45
209
156
42
102
255
0
50
136
178
191
7
163
195
247
249
142
139
241
45
72
85
156
194
226
75
173
75
94
238
24
200
196
7
250
132
171
70
84
65
74
198
97
131
211
166
248
150
177
102
76
89
121
143
30
96
177
49
113
170
181
130
222
39
233
29
48
117
168
141
226
154
52
202
173
23
62
91
224
169
215
140
64
203
11
80
7
105
84
249
168
75
233
42
2
240
247
241
21
213
192
188
92
40
101
138
167
85
15
105
69
98
107
105
10
12
136
25
17
196
220
112
224
29
119
233
215
101
110
148
209
0
15
124
220
106
218
153
105
136
75
24
181
245
44
23
13
147
69
121
133
26
151
138
142
183
26
106
216
4
108
86
72
136
32
11
184
202
51
78
170
212
214
135
9
201
161
38
168
106
199
116
243
172
53
26
132
81
146
221
121
121
136
11
128
153
138
210
78
35
150
24
92
177
184
66
174
9
25
95
36
20
3
25
166
250
138
215
143
69
209
3
121
6
15
110
224
245
85
181
87
118
192
217
226
93
17
129
155
137
140
198
210
160
74
184
112
168
211
17
26
133
51
13
219
184
57
139
104
84
72
184
8
55
218
17
135
101
128
91
106
163
241
160
115
92
193
221
13
120
67
183
253
35
89
196
208
29
103
47
240
129
160
72
88
30
70
17
34
163
13
24
22
67
74
191
104
50
68
183
150
53
251
118
124
207
247
122
13
32
162
233
207
137
130
1
130
48
206
8
208
134
160
98
10
204
161
43
230
1
196
211
57
141
115
12
162
51
147
82
165
49
148
163
241
43
36
88
156
243
13
56
37
82
242
216
94
143
26
151
41
173
164
7
179
155
60
63
153
157
144
129
203
179
45
188
127
195
239
100
184
29
39
246
64
47
18
199
16
122
238
42
99
184
239
58
153
16
137
121
68
121
61
189
7
114
128
165
61
202
23
2
93
48
98
23
114
237
204
110
188
68
191
212
80
206
110
10
156
197
102
32
149
152
187
37
43
175
162
131
4
6
61
204
174
5
30
90
80
167
180
3
33
54
171
224
63
196
116
44
145
15
133
22
75
45
109
8
79
144
31
199
204
229
3
78
188
61
48
174
34
142
25
218
41
114
60
194
21
151
215
137
177
232
169
162
139
167
179
255
0
183
244
113
206
97
171
131
138
152
74
185
79
170
85
202
241
31
121
133
190
38
255
0
17
113
46
61
145
87
29
243
19
155
130
52
76
26
135
181
78
177
15
206
31
146
53
172
59
122
214
37
76
248
236
130
157
6
31
174
130
246
4
223
119
135
61
92
75
42
227
132
95
188
205
32
215
152
115
125
122
57
114
140
191
201
253
254
99
97
51
121
138
161
87
112
78
224
28
65
27
34
84
167
184
244
179
6
141
196
226
113
140
81
45
122
249
150
53
153
78
92
67
8
159
129
56
8
225
184
24
143
112
209
2
38
147
12
200
253
160
253
124
49
88
129
238
43
200
93
97
206
245
0
11
235
164
187
58
115
222
251
128
57
9
132
148
128
230
5
21
232
177
117
105
139
239
136
106
216
126
69
197
32
115
48
149
112
3
113
83
114
237
134
115
18
234
224
17
57
142
85
42
253
161
248
37
220
10
89
136
177
0
3
204
89
151
153
174
37
187
146
90
129
103
142
161
76
77
91
76
63
229
217
237
24
140
59
32
122
89
249
131
64
52
248
118
127
220
36
201
190
177
233
140
21
58
179
83
254
179
251
132
195
94
69
84
124
49
170
142
246
20
253
70
10
93
152
71
9
6
245
44
77
199
10
138
25
247
142
51
3
77
215
136
134
130
210
90
95
44
69
231
56
129
174
8
151
120
217
133
226
0
120
48
181
119
82
181
136
136
219
135
102
60
49
54
193
172
144
77
211
140
158
182
103
166
9
165
34
169
67
107
217
121
51
217
0
0
107
215
179
211
176
139
248
137
21
135
27
17
4
165
211
111
245
17
145
152
5
69
180
90
229
13
16
197
150
215
21
239
46
218
93
84
40
163
117
85
167
17
48
227
11
152
130
86
182
197
69
55
99
79
188
17
117
205
68
148
159
16
101
249
88
194
195
144
136
43
57
169
99
117
185
124
75
220
92
105
230
49
29
69
169
178
17
73
88
36
92
63
63
207
188
97
165
10
28
27
199
23
191
159
177
65
220
176
108
188
186
253
106
111
165
78
172
79
207
135
191
162
165
74
37
22
8
236
236
137
114
24
162
55
72
203
172
195
110
32
231
186
148
249
99
68
167
232
230
154
46
29
166
74
28
194
218
194
57
34
184
8
249
31
231
200
255
0
228
27
251
133
169
204
129
124
192
117
14
144
208
131
31
84
185
189
176
3
95
66
75
209
78
211
147
251
60
145
181
154
46
223
247
38
252
159
112
90
183
199
208
88
117
54
66
0
237
232
28
197
247
168
180
236
159
15
227
16
45
27
229
114
61
63
110
45
251
251
67
49
34
74
189
66
141
195
30
129
169
127
131
76
127
226
98
116
122
10
0
71
91
126
62
224
202
190
18
227
147
50
248
52
134
91
158
241
6
223
254
10
2
146
201
65
69
135
101
126
62
199
255
217
